<?xml version="1.0"?>
<opencv_storage>
<calibration_time>"Mon Aug 21 12:13:07 2017"</calibration_time>
<nr_of_frames>25</nr_of_frames>
<image_width>640</image_width>
<image_height>480</image_height>
<board_width>9</board_width>
<board_height>6</board_height>
<square_size>50.</square_size>
<fix_aspect_ratio>1.</fix_aspect_ratio>
<!-- flags: +fix_aspectRatio +fix_principal_point +zero_tangent_dist +fix_k4 +fix_k5 -->
<flags>6158</flags>
<fisheye_model>0</fisheye_model>
<camera_matrix type_id="opencv-matrix">
  <rows>3</rows>
  <cols>3</cols>
  <dt>d</dt>
  <data>
    6.2073611820904489e+02 0. 320. 0. 6.2073611820904489e+02 240. 0. 0.
    1.</data></camera_matrix>
<distortion_coefficients type_id="opencv-matrix">
  <rows>5</rows>
  <cols>1</cols>
  <dt>d</dt>
  <data>
    1.9330837487979563e-01 -1.0881354881647425e+00 0. 0.
    2.3729933638938827e+00</data></distortion_coefficients>
<avg_reprojection_error>2.8499404937177203e-01</avg_reprojection_error>
<per_view_reprojection_errors type_id="opencv-matrix">
  <rows>25</rows>
  <cols>1</cols>
  <dt>f</dt>
  <data>
    3.58016044e-01 2.93237239e-01 3.57123435e-01 3.03994447e-01
    2.55424470e-01 2.32797503e-01 2.58021414e-01 3.40660036e-01
    3.20128679e-01 2.89104581e-01 2.83998668e-01 2.82127023e-01
    2.48175859e-01 2.86392123e-01 2.59536684e-01 2.52590358e-01
    2.59836793e-01 3.04043442e-01 2.42269933e-01 2.22426310e-01
    3.09316486e-01 3.22941035e-01 3.30487072e-01 2.53904134e-01
    1.77471712e-01</data></per_view_reprojection_errors>
<!-- a set of 6-tuples (rotation vector + translation vector) for each view -->
<extrinsic_parameters type_id="opencv-matrix">
  <rows>25</rows>
  <cols>6</cols>
  <dt>d</dt>
  <data>
    2.3221094580417459e-01 -1.1851340816965658e-02
    1.3218418745637284e-02 -4.7908884129855875e+02
    -9.6249571934845406e+01 1.0164432639588415e+03
    1.9239924630196248e-01 1.5573701023211279e-02 4.9099173149462903e-02
    -4.3771008634149911e+02 -9.7367337226243265e+01
    1.0576885339714520e+03 1.7333728173857108e-01 6.9495004962008958e-02
    6.4866640045043958e-02 -4.1214066179911470e+02
    -8.5696781030426195e+01 1.0843407272153124e+03
    1.4954304427652917e-01 9.5856813116747791e-02 7.3083856313874290e-02
    -3.7275004570160246e+02 -7.1583658608768758e+01
    1.1175700024864620e+03 1.2534782181067969e-01 6.7403112153370512e-02
    4.0463343848703627e-02 -3.3949693729721128e+02
    -4.7316994453022865e+01 1.1316643994521953e+03
    1.3341724595684357e-01 5.9224815886820110e-02 3.7519877736377272e-02
    -3.3323080607693100e+02 -3.9259854143774440e+01
    1.1333056967013783e+03 1.3309875607881455e-01 7.9228886343319288e-02
    3.9897185592226152e-02 -3.2254827028744467e+02
    -3.2651528415577509e+01 1.1409882792086096e+03
    1.1063889567232447e-01 1.1903018516285184e-01 4.5373562891745288e-02
    -3.0354145000912723e+02 -2.1362564838026961e+00
    1.1573527638425696e+03 1.0146349716315652e-01 1.2033871039662629e-01
    5.1587069062832343e-02 -2.9497621246164050e+02
    2.8869171995358641e+01 1.1625191411564142e+03 1.0405331103181159e-01
    1.1895335441566750e-01 5.4488674657215158e-02
    -2.8879720582104108e+02 6.3774757193999427e+01
    1.1638247142386331e+03 1.0884634376251570e-01 1.2540300649913033e-01
    5.8503045512512987e-02 -2.7219202378040939e+02
    8.4753136692470306e+01 1.1633539058920201e+03 1.0297575651536235e-01
    1.2450338363903843e-01 5.8161162906275321e-02
    -2.5846374375641034e+02 1.0061180057993029e+02
    1.1594360325908326e+03 1.0120743345502035e-01 1.1934926261259565e-01
    5.6272637050381054e-02 -2.4720774552011267e+02
    1.1002483076355036e+02 1.1697766156941182e+03 9.9012351088349049e-02
    1.1995078873569767e-01 4.6941155950225140e-02
    -2.4453708503031524e+02 1.1331427579308371e+02
    1.1766852055653633e+03 1.0610465207604927e-01 1.3205841032083110e-01
    3.4198878134325143e-02 -2.4054966915009084e+02
    1.1145182714722046e+02 1.1823280254859735e+03 1.0512605504420813e-01
    1.3971704309885907e-01 3.4526416424830453e-02
    -2.2712076734922093e+02 1.0164111629898457e+02
    1.1896964676126327e+03 8.9986744199481342e-02 1.3143560884802369e-01
    4.8752531891610607e-02 -2.1135167859594679e+02
    7.9549412583912087e+01 1.2064795505845987e+03 7.3630983721352183e-02
    1.1097823918137108e-01 5.5325148516824116e-02
    -2.1500779532237866e+02 5.5052290317774705e+01
    1.2250845562393019e+03 4.9949493979971081e-02 1.1338515443239111e-01
    5.4465572853717059e-02 -2.1988303389919713e+02
    2.1037753043649204e+01 1.2624680511527054e+03 2.1346893010397414e-02
    1.3445211145611349e-01 4.5897490009549916e-02
    -2.0055864169079155e+02 2.3141671367729439e+00
    1.2983697132007972e+03 -8.1632175050875590e-03
    1.3342491334180903e-01 4.1874364227923698e-02
    -1.6675643226493509e+02 2.2161897699018951e+00
    1.3140284986304325e+03 -2.6683417595168048e-02
    1.1209080870503961e-01 4.0882041556030493e-02
    -1.3977494173122437e+02 1.1428628252871061e+01
    1.3152310692286608e+03 -5.7542059176648924e-02
    6.6626369658130929e-02 3.0110533120030689e-02
    -1.0953203877205746e+02 2.3710745396550461e+01
    1.3095754858988078e+03 -6.3777495329297121e-02
    1.8536488470591667e-02 1.5161800572807893e-02
    -7.9630357142806616e+01 3.4152027760668929e+01
    1.2908358425372223e+03 -5.9326699007563051e-02
    -1.2708975991232670e-02 5.2478237462933010e-03
    -6.2283395416711564e+01 3.8137156152272482e+01
    1.2803939957050675e+03</data></extrinsic_parameters>
